152
2.84336185455322 -3.90199995040894 -0.0410347990691662 0.999157667160034 0.421297907829285
2.207763671875 -3.90199995040894 -0.203464701771736 0.97908228635788 0.100902179876963
3.20702648162842 -3.90199995040894 0.841543912887573 0.540188610553741 0.6275661389033
5.94999980926514 -2.11325001716614 -0.841538369655609 0.540197372436523 0.6275661389033
0.0500002391636372 1.5622546672821 0.841543912887573 0.540188610553741 0.6275661389033
5.43739891052246 -3.90199995040894 -0.653117418289185 0.757256627082825 0.253749986489614
0.0500003285706043 2.32173752784729 0.653125166893005 0.757250010967255 0.253749986489614
2.96496415138245 -3.90199995040894 -0.83418607711792 0.551482975482941 0.462233106295268
0.0499998219311237 -1.94898962974548 0.834177613258362 0.551495909690857 0.462233106295268
5.95000028610229 1.8364931344986 -0.834184765815735 0.551485121250153 0.462233106295268
5.53895044326782 -3.90199995040894 -0.54110461473465 0.840955376625061 0.0929675300916036
1.37276875972748 -3.90199995040894 0.804559886455536 0.593871533870697 0.0633333333333333
5.94999980926514 -0.504614472389221 -0.804558336734772 0.593873620033264 0.0633333333333333
0.0500004962086678 3.7213659286499 0.80457067489624 0.593856871128082 0.0633333333333333
4.85650253295898 -3.90199995040894 0.662082493305206 0.749430954456329 0.0633333333333333
5.94999980926514 -2.68586683273315 -0.662070751190186 0.749441266059875 0.0633333333333333
0.0500005036592484 3.79378008842468 0.662090361118317 0.749423980712891 0.0633333333333333
3.15747332572937 -3.90199995040894 -0.736760318279266 0.676153898239136 0.920645793279012
0.0499999262392521 -1.04944705963135 0.736756920814514 0.676157712936401 0.920645793279012
4.26025867462158 -3.90199995040894 0.31395760178566 0.949437081813812 0.819612582524618
5.95000028610229 1.00260353088379 -0.313962399959564 0.949435412883759 0.819612582524618
0.822410345077515 -3.90199995040894 -0.154551222920418 0.987984716892242 0.111096451679866
0.050000112503767 0.512426972389221 0.154553726315498 0.987984359264374 0.111096451679866
0.768650829792023 -3.90199995040894 -0.505279779434204 0.862955570220947 0.672857602437337
0.049999725073576 -2.75455641746521 0.50526225566864 0.862965822219849 0.672857602437337
0.240134462714195 -3.90199995040894 -0.586701691150665 0.809803128242493 0.936005353927612
0.049999613314867 -3.68296003341675 0.58668065071106 0.809818387031555 0.936005353927612
1.11080455780029 -3.90199995040894 0.709172487258911 0.705035030841827 0.482811371485392
5.95000028610229 0.901009678840637 -0.709176898002625 0.705030560493469 0.482811371485392
0.73232364654541 -3.90199995040894 -0.94572377204895 0.324971675872803 0.208175718784332
0.0499996207654476 -3.60939168930054 0.945715367794037 0.324996113777161 0.208175718784332
5.94999980926514 -1.64181530475616 -0.945712864398956 0.325003325939178 0.208175718784332
0.0500000901520252 0.325760126113892 0.945713460445404 0.325001537799835 0.208175718784332
5.95000028610229 2.2933337688446 -0.945718467235565 0.3249871134758 0.208175718784332
5.7231559753418 -3.90199995040894 0.50560051202774 0.862767696380615 0.243980785210927
5.94999933242798 -3.59600567817688 -0.505587160587311 0.862775504589081 0.243980785210927
0.381715595722198 -3.90199995040894 -0.130682870745659 0.991424262523651 0.154901951551437
0.0499998107552528 -2.02668070793152 0.13067290186882 0.991425514221191 0.154901951551437
0.241855069994926 -3.90199995040894 0.63117653131485 0.775639235973358 0.863668203353882
5.95000028610229 3.0824601650238 -0.631188452243805 0.775629460811615 0.863668203353882
1.44265723228455 -3.90199995040894 -0.378350824117661 0.925662279129028 0.33552340666453
0.049999974668026 -0.644260406494141 0.378346085548401 0.925664186477661 0.33552340666453
3.69131422042847 -3.90199995040894 -0.337993741035461 0.941148340702057 0.152406841516495
4.67457914352417 -3.90199995040894 0.402169942855835 0.915565073490143 0.610351920127869
5.94999980926514 -1.13164043426514 -0.402165234088898 0.91556715965271 0.610351920127869
5.6721019744873 -3.90199995040894 0.530785262584686 0.84750634431839 0.205556313196818
5.94999933242798 -3.52331686019897 -0.530763447284698 0.847519993782043 0.205556313196818
4.17536067962646 -3.90199995040894 0.677265107631683 0.735739052295685 0.0779938399791718
5.94999980926514 -1.99260067939758 -0.677253723144531 0.735749542713165 0.0779938399791718
0.298327267169952 -3.90199995040894 -0.415674269199371 0.909513533115387 0.585970044136047
0.0499996319413185 -3.51794600486755 0.414427578449249 0.910082280635834 0.585970044136047
0.461025357246399 -3.90199995040894 -0.554610431194305 0.832110166549683 0.830654541651408
0.0499996542930603 -3.34508967399597 0.554597914218903 0.832118511199951 0.830654541651408
3.80064487457275 -3.90199995040894 -0.781683623790741 0.623675167560577 0.93269149462382
0.0499999448657036 -0.899206042289734 0.781679570674896 0.623680233955383 0.93269149462382
5.95000028610229 3.66983819007874 -0.781689405441284 0.623668015003204 0.93269149462382
5.56244087219238 -3.90199995040894 -0.374323606491089 0.927298128604889 0.407950043678284
1.37537610530853 -3.90199995040894 0.614470183849335 0.788940072059631 0.723473151524862
5.95000028610229 1.93543040752411 -0.614478409290314 0.788933634757996 0.723473151524862
0.232051312923431 -3.90199995040894 0.584915220737457 0.811094403266907 0.936666666666667
4.47814083099365 -3.90199995040894 -0.600236117839813 0.799822807312012 0.268068591753642
0.050000287592411 1.96061897277832 0.600244343280792 0.799816608428955 0.268068591753642
3.1460874080658 -3.90199995040894 -0.652037143707275 0.758187055587769 0.625970482826233
0.0500000156462193 -0.322884678840637 0.652036666870117 0.758187472820282 0.625970482826233
0.857246935367584 -3.90199995040894 0.552005350589752 0.833840548992157 0.936666666666667
5.95000028610229 3.731032371521 -0.552022159099579 0.833829462528229 0.936666666666667
3.1996111869812 -3.90199995040894 0.950510740280151 0.310691624879837 0.624045411745707
5.94999980926514 -2.94359803199768 -0.950507581233978 0.310701429843903 0.624045411745707
0.0499999262392521 -1.071946144104 0.950505971908569 0.310706287622452 0.624045411745707
5.94999980926514 0.79975152015686 -0.950507581233978 0.310701429843903 0.624045411745707
0.0500003695487976 2.6714038848877 0.95051234960556 0.310686826705933 0.624045411745707
1.28118872642517 -3.90199995040894 -0.4110107421875 0.911630570888519 0.413584272066752
0.0499998964369297 -1.3018102645874 0.411006093025208 0.911632537841797 0.413584272066752
3.4328248500824 -3.90199995040894 0.112872801721096 0.993609428405762 0.7192436059316
5.12468290328979 -3.90199995040894 0.487076431512833 0.873359382152557 0.379823446273804
5.94999980926514 -2.51004672050476 -0.487063258886337 0.87336665391922 0.379823446273804
2.97058057785034 -3.90199995040894 0.711215555667877 0.702973961830139 0.155847320954005
5.94999980926514 -0.964271247386932 -0.711210906505585 0.702978670597076 0.155847320954005
4.20705366134644 -3.90199995040894 0.569227039813995 0.822180390357971 0.365773955980937
5.94999980926514 -1.43739831447601 -0.569220721721649 0.822184801101685 0.365773955980937
1.08511114120483 -3.90199995040894 -0.448879480361938 0.893592298030853 0.509189208348592
0.0499998219311237 -1.94624555110931 0.448867946863174 0.893598079681396 0.509189208348592
2.13705253601074 -3.90199995040894 -0.576833844184875 0.816861510276794 0.593064745267232
0.0499999336898327 -0.99546480178833 0.576829731464386 0.816864490509033 0.593064745267232
4.71359729766846 -3.90199995040894 -0.724864721298218 0.688891232013702 0.608808239301046
0.0500001162290573 0.524891018867493 0.724866569042206 0.68888932466507 0.608808239301046
3.35273146629334 -3.90199995040894 -0.197530686855316 0.980296671390533 0.300642867883046
1.84069633483887 -3.90199995040894 -0.290990263223648 0.956726014614105 0.132405638694763
0.050000261515379 1.75655436515808 0.291000008583069 0.956723034381866 0.132405638694763
3.51918268203735 -3.90199995040894 0.532419741153717 0.846480488777161 0.55421507358551
5.94999980926514 -0.103811509907246 -0.53241902589798 0.846480965614319 0.55421507358551
3.57276821136475 -3.90199995040894 0.148676499724388 0.988885879516602 0.789907296498617
2.05555772781372 -3.90199995040894 -0.240668192505836 0.970607459545136 0.0633333333333333
0.0500005148351192 3.89018177986145 0.240692839026451 0.970601320266724 0.0633333333333333
5.43018102645874 -3.90199995040894 0.537900865077972 0.843008100986481 0.225590844949087
5.94999980926514 -3.15116572380066 -0.537887990474701 0.84301632642746 0.225590844949087
4.57184600830078 -3.90199995040894 0.638948142528534 0.769249796867371 0.117743025223414
5.94999980926514 -2.27451109886169 -0.638940334320068 0.769256353378296 0.117743025223414
1.11038255691528 -3.90199995040894 -0.589333653450012 0.807889759540558 0.802396059036255
0.0499997548758984 -2.49089503288269 0.58932101726532 0.807898998260498 0.802396059036255
5.08800935745239 -3.90199995040894 -0.690492570400238 0.723339438438416 0.427583495775859
0.0500002168118954 1.36270391941071 0.69050008058548 0.723332345485687 0.427583495775859
4.51916599273682 -3.90199995040894 -0.47925665974617 0.87767481803894 0.0633333333333333
3.72731256484985 -3.90199995040894 0.954458713531494 0.29834321141243 0.894649505615234
5.94999980926514 -3.14524626731873 -0.954454004764557 0.298357963562012 0.894649505615234
0.0499998927116394 -1.3551561832428 0.954451739788055 0.298365354537964 0.894649505615234
5.94999980926514 0.43502551317215 -0.954452514648438 0.29836294054985 0.894649505615234
0.0500003173947334 2.22520709037781 0.954457104206085 0.298348158597946 0.894649505615234
2.27475357055664 -3.90199995040894 0.475599497556686 0.879661977291107 0.876585721969604
5.95000028610229 2.80122542381287 -0.475612848997116 0.879654705524445 0.876585721969604
2.74640130996704 -3.90199995040894 -0.280088692903519 0.959974110126495 0.0844215055306752
5.03803205490112 -3.90199995040894 -0.897648334503174 0.440712332725525 0.143996318181356
0.0499998852610588 -1.41115701198578 0.897644937038422 0.440719276666641 0.143996318181356
5.95000028610229 1.39974367618561 -0.897649466991425 0.440710216760635 0.143996318181356
5.39598560333252 -3.90199995040894 -0.65787011384964 0.753131330013275 0.26897140343984
0.0500003136694431 2.19608283042908 0.657877862453461 0.753124594688416 0.26897140343984
0.594146549701691 -3.90199995040894 0.557511508464813 0.830169200897217 0.936666666666667
0.551618635654449 -3.90199995040894 0.406039237976074 0.913855612277985 0.666080753008525
1.28891015052795 -3.90199995040894 -0.69231653213501 0.721593976020813 0.886104822158813
0.0499997399747372 -2.62238311767578 0.692309081554413 0.721601068973541 0.886104822158813
5.95000028610229 3.34383463859558 -0.692320287227631 0.721590280532837 0.886104822158813
3.96431374549866 -3.90199995040894 0.245378836989403 0.969427287578583 0.936666666666667
5.95000028610229 3.65277814865112 -0.245403528213501 0.969420969486237 0.936666666666667
5.27275323867798 -3.90199995040894 0.686983048915863 0.726673424243927 0.183069070180257
5.94999933242798 -3.1995050907135 -0.686971783638 0.726684093475342 0.183069070180257
0.0500003919005394 2.8567099571228 0.686987042427063 0.726669669151306 0.183069070180257
2.92969250679016 -3.90199995040894 -0.976530313491821 0.215380027890205 0.428548574447632
0.0499996729195118 -3.19494414329529 0.976526916027069 0.215395390987396 0.428548574447632
5.94999980926514 -1.93091773986816 -0.976524651050568 0.215405657887459 0.428548574447632
0.049999974668026 -0.666900098323822 0.976523816585541 0.215409502387047 0.428548574447632
5.94999980926514 0.597128391265869 -0.976524651050568 0.215405657887459 0.428548574447632
0.0500002764165401 1.86114311218262 0.976527452468872 0.21539281308651 0.428548574447632
5.95000028610229 3.12516331672668 -0.976530849933624 0.215377405285835 0.428548574447632
2.55818653106689 -3.90199995040894 -0.115224488079548 0.993339478969574 0.277987877527873
3.34806108474731 -3.90199995040894 0.626844227313995 0.779144525527954 0.362717747688293
5.94999980926514 -0.699189186096191 -0.626841247081757 0.779146909713745 0.362717747688293
1.53748846054077 -3.90199995040894 0.0706581845879555 0.997500598430634 0.346992333730062
0.359765410423279 -3.90199995040894 -0.1779825091362 0.984033644199371 0.218944887320201
0.0499997399747372 -2.62624335289001 0.177967563271523 0.984036386013031 0.218944887320201
0.491901457309723 -3.90199995040894 0.153839111328125 0.988095939159393 0.282698372999827
5.21199369430542 -3.90199995040894 0.206244766712189 0.978500425815582 0.812846024831136
5.94999980926514 -0.771286606788635 -0.206241086125374 0.978501260280609 0.812846024831136
2.94888710975647 -3.90199995040894 0.330436050891876 0.943828344345093 0.936666666666667
0.471625566482544 -2.75629210472107 -0.982137143611908 -0.188166484236717 0.53208069006602
2.03153324127197 -3.72144532203674 -0.737254202365875 0.675615549087524 0.0633333333333333
0.0500004068017006 2.96091532707214 0.24493770301342 0.969538867473602 0.0633333333333333
1.96887993812561 -1.02964997291565 -0.944792926311493 0.327668160200119 0.747875610987345
1.68287038803101 0.548733353614807 -0.94574499130249 -0.324909746646881 0.918392578760783
5.95000028610229 3.5958685874939 -0.806503653526306 0.59122908115387 0.918392578760783
3.76340770721436 -3.44344830513 0.142022788524628 -0.989863395690918 0.173509438832601
3.75091052055359 -3.44482135772705 0 0 0.455055117607117
3.75 -3.34999990463257 -0.188015148043633 0.982166111469269 0.326497475306193
